motif	estimatedScale	MSE	optimizedScale	optimizedMSE	motifLength	numberOfKmers
ARNT::HIF1A	0.4119139807934169	5.467387867983796	0.4819139807934169	0.001735365070823	5.0	198552
Ahr::Arnt	0.4192135598877078	0.7341487754111992	0.4392135598877079	0.0231083476004392	5.0	198552
Alx4	0.1722128490093579	17.286228289020876	0.2322128490093579	0.1065659777190252	12.0	198552
Ar	0.2201971670993194	8.064216135145177	0.2501971670993194	0.1129823373565095	16.0	198552
Arid5a	0.1582947704780302	28.56949262528718	0.3282947704780302	0.0440967660536894	8.0	198552
Arnt	0.3499793845309295	0.5367234767029819	0.3699793845309295	0.0308794801934968	6.0	198552
Arntl	0.3031282579905116	4.144270869916894	0.3431282579905116	0.0023797529392428	8.0	198552
Arx	0.1540449974341704	26.996844062169263	0.2640449974341704	0.0643046603725747	10.0	198552
Ascl2	0.2893560156883274	5.362458508993543	0.3293560156883274	0.0003698479864134	10.0	198552
Atf1	0.3510889414843268	0.6601704868311937	0.3710889414843268	0.0656846192763938	8.0	198552
Atf3	0.2196967302446841	7.740889381199036	0.2596967302446841	0.006878981506406	10.0	198552
Atoh1	0.3678865079973979	0.2932115543575925	0.377886507997398	0.0021150117160751	7.0	198552
Bach1::Mafk	0.2867560217947367	2.873113771035189	0.3167560217947367	0.0610804204547898	12.0	198552
Barhl1	0.1869421324824145	28.476735693987752	0.3369421324824145	0.0333423213319693	10.0	198552
Bcl11B	0.3501268823792897	1.1824213262973238	0.3701268823792897	0.0042837829373595	9.0	198552
Bcl6	0.2299687784411771	13.044288227662404	0.2899687784411771	0.0196108865778772	12.0	198552
Bhlha15	0.2867079794900055	5.025080921224448	0.3267079794900055	0.01242562707437	8.0	198552
Bhlhe40	0.2934539688124044	2.9941732469402385	0.3234539688124044	0.0200730923455569	11.0	198552
CEBPA	0.2914335305844514	5.143666848401269	0.3314335305844514	0.007142400236889	10.0	198552
CREB1	0.3356764161441231	0.9930859873679554	0.3556764161441231	0.0106603265418026	8.0	198552
Cebpa	0.2649626868915942	14.561779527614595	0.3449626868915942	0.0179278346980938	12.0	198552
Creb3l2	0.2930793703140953	2.274383490298522	0.3230793703140953	0.0609346011706767	9.0	198552
Creb5	0.2549630232552073	3.425756450806912	0.2849630232552074	0.074953984059809	10.0	198552
Crem	0.3294682421223964	3.034963014190943	0.3594682421223965	0.0014251440156674	9.0	198552
Crx	0.396467505017663	0.4570157135245444	0.416467505017663	0.0393020783888251	6.0	198552
Dlx1	0.1723457816367546	29.04753619030685	0.3323457816367546	0.0005840917668179	10.0	198552
Dlx2	0.2977631392759793	6.959072927119911	0.3477631392759793	0.0018188443015304	8.0	198552
Dlx3	0.2155430201230493	25.9717110940862	0.3955430201230493	0.046359693502182	6.0	198552
Dlx4	0.2111524935483526	29.154339567637475	0.4011524935483526	0.0425589230570101	6.0	198552
Dlx5	0.2925616846767953	8.664693918106462	0.3525616846767953	0.0253165245527635	8.0	198552
Dmbx1	0.3289710265313875	2.9000787682586453	0.3589710265313874	0.0162024172240848	10.0	198552
Dmrt1	0.3115600762296566	7.183876526675176	0.3615600762296566	0.0189406605174547	9.0	198552
Dux	0.2147452738578522	17.27410962005372	0.2847452738578523	0.0081843152769612	11.0	198552
E2F3	0.2045530443069794	7.687136426279753	0.2345530443069794	0.0362075110679146	14.0	198552
EBF1	0.1983216114429515	8.299876363522701	0.2383216114429515	0.1091588273424501	11.0	198552
ELF5	0.3569210143053013	1.734451612238738	0.3869210143053013	0.0322828711271268	10.0	198552
ESR1	0.2069465706579314	6.5432236999143125	0.2369465706579314	0.0384422853535937	15.0	198552
Ebf2	0.2477328745688223	6.385694520136709	0.2877328745688223	0.0052297706716989	9.0	198552
Ebf4	0.2135555059412902	5.016429241976707	0.2435555059412902	0.0996170210788387	11.0	198552
Egr1	0.2678942671212304	4.134085616818749	0.2978942671212303	0.0007329642041799	11.0	198552
Egr2	0.2594613521683943	6.622102083864733	0.2994613521683943	0.0265175780158155	15.0	198552
Elf5	0.3562618950573663	1.436644582975729	0.3762618950573663	0.0591587489577154	8.0	198552
En1	0.2837418882555971	16.534721750519246	0.373741888255597	0.0602631236323323	11.0	198552
Erg	0.3470636607250216	0.8962192478089852	0.3670636607250216	0.0211275370925968	10.0	198552
Esrra	0.3096102989722983	0.4730288737273747	0.3196102989722983	0.0024877843792032	11.0	198552
Esrrb	0.3198179372563651	0.6781840348681064	0.3298179372563651	0.0436876595649227	10.0	198552
Esrrg	0.3501475582311696	0.4736145814514635	0.3601475582311697	0.0221671481625441	9.0	198552
Ets1	0.3261855531095329	1.5350735206090351	0.3461855531095329	0.0052138603624378	12.0	198552
FOS::JUN	0.2754041418453847	2.444265459101337	0.2954041418453847	0.0893309846576165	10.0	198552
FOXO3	0.3318954285774833	4.343074303561755	0.3718954285774833	0.0157373777450636	8.0	198552
Fos::Jun	0.3596258727058322	1.1734344690863947	0.3796258727058322	0.0140577974745641	8.0	198552
Foxa2	0.2808770830254828	9.899107503174733	0.3408770830254828	0.000540427745836	11.0	198552
Foxf1	0.3143214356230001	11.468864962882774	0.3943214356230001	0.0146775336475491	7.0	198552
Foxj2	0.3047227235532644	9.46590441803646	0.3747227235532644	0.0405980883857467	8.0	198552
Foxj3	0.2708862687426426	15.737244359870948	0.3608862687426426	0.045297093758909	9.0	198552
Foxk1	0.2344095550897429	20.35988129293051	0.3344095550897429	9.559891761502066e-05	13.0	198552
Foxl2	0.2673516978487298	15.642474389532063	0.3473516978487298	0.0185559522003409	10.0	198552
Foxn1	0.3781370444284156	0.8584408994196303	0.3981370444284156	0.0176328656046553	6.0	198552
Foxo1	0.3608284003838674	3.4310871851341105	0.4008284003838673	0.003869614197035	7.0	198552
Foxo3	0.3323862139092652	7.486013770126229	0.4023862139092652	0.0499515138473146	7.0	198552
Gabpa	0.3198532542871024	2.394951705339738	0.3498532542871024	0.0094344312782527	10.0	198552
Gata1	0.3042836149676574	7.954321783715769	0.3542836149676573	0.0285617012023318	11.0	198552
Gata1::Tal1	0.2930040460130242	5.963169456005165	0.3330040460130242	0.0271691205947985	18.0	198552
Gata3	0.3541445236283862	2.5435717725654428	0.3841445236283862	0.0242150408838847	8.0	198552
Gata4	0.3279943828073158	2.359446190429027	0.3579943828073157	0.0011826229321541	10.0	198552
Gfi1B	0.3432313605564026	1.3993299347772017	0.3632313605564026	0.0102653640456904	10.0	198552
Gli1	0.2927697473954347	4.561042721774432	0.3327697473954347	0.0512518886936685	10.0	198552
Gli2	0.2798320757513857	8.735734433457575	0.3398320757513857	0.0738608917445776	9.0	198552
Gmeb1	0.2403197064920747	8.55471843310564	0.2903197064920748	0.0022564033095477	6.0	198552
HNF1B	0.1826476237920504	19.040856632370215	0.2426476237920504	0.1661718885450953	13.0	198552
HOXA5	0.2958430185438196	4.630729683001238	0.3358430185438196	0.0147412319189628	8.0	198552
Hand1	0.3375949749024294	2.6672236480381533	0.3675949749024294	0.017517401663687	9.0	198552
Hand1::Tcf3	0.3638073610888216	1.4577916189674958	0.3838073610888217	0.0456848020650217	9.0	198552
Hes1	0.2756633641985368	4.743861273297867	0.3156633641985368	0.0004530131753745	7.0	198552
Hes2	0.3120948589765414	5.586120590213547	0.3620948589765414	0.0340306825733786	9.0	198552
Hic1	0.3508261686423586	4.569440266406401	0.4008261686423586	5.513954747926631e-07	8.0	198552
Hmx1	0.2658595632901206	9.784260224358547	0.3258595632901206	0.0362827483912773	9.0	198552
Hmx2	0.2420436080990393	10.682683467017462	0.2920436080990393	0.0141109773838731	15.0	198552
Hmx3	0.262334299347472	9.725391206357854	0.322334299347472	0.0214278427320465	9.0	198552
Hnf1A	0.3226042272567749	3.109595155935674	0.3526042272567748	0.0109603587018161	10.0	198552
Hnf4a	0.2405082752257657	3.0139176257589675	0.2605082752257657	0.0074934262182927	16.0	198552
Hoxa11	0.2898852724471852	5.45501490216631	0.3298852724471852	0.028751106472641	9.0	198552
Hoxa13	0.2708105812237616	15.78732962471194	0.3608105812237616	0.0193716544755847	8.0	198552
Hoxa9	0.2512726827506332	16.40622902765814	0.3412726827506332	0.0683363613459539	11.0	198552
Hoxb5	0.196894986636285	22.31914308018858	0.276894986636285	0.0346809171970046	16.0	198552
Hoxc9	0.1974832678544322	25.854730979021717	0.3174832678544322	0.0082945435445316	12.0	198552
Hoxd13	0.3169123378749005	10.259276424634256	0.3969123378749005	0.008417263781131	7.0	198552
Hoxd3	0.2031333309123356	20.30617076617484	0.2831333309123356	0.0717822654892021	16.0	198552
Hoxd8	0.119621274974894	31.27964821837392	0.249621274974894	0.1065486565042675	16.0	198552
Hoxd9	0.2853159958434925	12.65306151449871	0.3653159958434925	0.0025453302106977	10.0	198552
Ikzf3	0.3503716002045052	1.0588366381499432	0.3703716002045052	2.376426897946103e-05	9.0	198552
Irf1	0.2814138574530577	4.603458496550396	0.3214138574530576	0.0774504923126535	11.0	198552
Isl1	0.3222461082256869	4.586295990300654	0.3722461082256869	0.043451457977276	7.0	198552
Jun	0.3189660062513035	2.1619570947431628	0.3489660062513035	0.0204169662832118	8.0	198552
Klf1	0.2958477242143089	5.694382278313686	0.3358477242143089	0.0321809456044865	10.0	198552
Klf12	0.2414523726974239	6.164060316611187	0.2814523726974239	0.1431903129531894	14.0	198552
Klf4	0.2497157239708916	12.57628980972365	0.3097157239708916	0.054935961226053	10.0	198552
Lef1	0.3503336253334616	1.3989746401092027	0.3703336253334616	0.0318838890789077	8.0	198552
Lhx1	0.2046734246825952	13.745534324405703	0.2646734246825952	0.0283759082756551	10.0	198552
Lhx3	0.1902732703853527	25.999160768766647	0.2902732703853528	0.0159749508125185	12.0	198552
Lhx4	0.2576368735181308	20.70030009328917	0.3776368735181308	0.0464623460304263	6.0	198552
Lhx8	0.207856848967125	17.963300632419042	0.297856848967125	0.0027731129804239	6.0	198552
Mafb	0.3292279925551665	1.510323027812078	0.3492279925551665	0.014504432130909	11.0	198552
Mafg	0.2674344890953684	1.92953618672497	0.2874344890953684	0.0156689225213966	12.0	198552
Mecom	0.2895474250734393	5.536692034277096	0.3295474250734393	0.0212357014258256	11.0	198552
Meis1	0.3070281028595834	3.5018981071163617	0.3370281028595834	0.0065245828685915	12.0	198552
Mitf	0.3219703561098339	2.4182824094742816	0.3519703561098339	0.0054984657784222	7.0	198552
Mlxip	0.2401521846266892	30.46019184090542	0.3301521846266892	0.0295177452429824	6.0	198552
Msgn1	0.335755022815149	1.6398335518892184	0.355755022815149	0.0494997450513276	10.0	198552
Msx3	0.2406163814850279	23.250821107293163	0.3706163814850279	4.4976663941785954e-05	6.0	198552
Myb	0.3372662636983995	1.7770148022259027	0.3572662636983995	0.0385898135884127	10.0	198552
Myc	0.2916711722659317	5.576118741331952	0.3316711722659317	4.770999127923406e-05	10.0	198552
Mycn	0.3099953599534662	2.265721183449612	0.3399953599534662	0.0343715576091713	8.0	198552
Myod1	0.2803779305607837	5.715959502471736	0.3203779305607837	0.00053356538914	11.0	198552
NFATC2	0.4213436581782147	0.5212024897087112	0.4413436581782147	0.0118103416746853	7.0	198552
NFKB1	0.1851537537161143	11.540111017568664	0.2251537537161143	0.0078044418027676	13.0	198552
NFYA	0.3405755148632847	0.398600570905236	0.3505755148632847	0.0062088187385143	8.0	198552
NR3C1	0.2214827139577871	6.175395594416528	0.2514827139577871	0.0058973130563614	15.0	198552
NR4A2	0.3571813551530196	0.4445537465202813	0.3671813551530196	0.0260869787178189	8.0	198552
NR5A1	0.2906070151409044	0.9261448088560064	0.3006070151409044	0.0754665397986656	12.0	198552
Nanog	0.3517750407590868	0.7792064180032802	0.3717750407590868	0.0083469801477355	7.0	198552
Neurod2	0.3546307648022259	0.7020391352726244	0.3746307648022259	0.0301923089510336	8.0	198552
Neurog1	0.2970953133572783	4.332390201880373	0.3370953133572783	0.0186246206093401	10.0	198552
Nfat5	0.3244864981542682	2.922760804452888	0.3544864981542682	0.0326091847866034	8.0	198552
Nfatc1	0.4006069027542696	0.6718289192151111	0.4206069027542696	0.0001362252782586	6.0	198552
Nfatc2	0.3649055433582822	0.6823545716788628	0.3849055433582822	0.0216606109991289	8.0	198552
Nfe2l2	0.3181585770491663	1.2239306637513854	0.3381585770491663	0.0162257661409149	11.0	198552
Nkx2-1	0.375827974441059	0.04681887671974	0.375827974441059	0.04681887671974	7.0	198552
Nkx2-5	0.3308500852833287	6.305937603290068	0.3908500852833287	0.0474033974542339	7.0	198552
Nkx3-1	0.3871935454327388	0.5582481737074886	0.4071935454327388	0.0155515465799282	7.0	198552
Nkx3-2	0.3483481677262966	1.43920204702472	0.3683481677262966	0.0301035759766907	10.0	198552
Nobox	0.2168686316569105	27.69479993035845	0.3868686316569105	0.0374554356294158	6.0	198552
Npas2	0.3341452840368948	1.1751717787652831	0.3541452840368948	0.0003244229840859	8.0	198552
Npas4	0.37167655200216	1.0910371840803763	0.39167655200216	0.0206372911069432	7.0	198552
Nr1H2	0.399345193690629	0.0101455974588026	0.399345193690629	0.0101455974588026	6.0	198552
Nr1H4	0.3895966558501368	0.0361705417658467	0.3895966558501368	0.0361705417658467	6.0	198552
Nr1h3	0.3913116652981417	0.926469843921701	0.4113116652981418	0.0038156319155231	6.0	198552
Nr1h3::Rxra	0.2443115727408885	5.884875076824105	0.2743115727408884	0.0978626862939313	16.0	198552
Nr2F6	0.2586848416082707	0.3528095684411211	0.2686848416082707	0.0596826153475054	15.0	198552
Nr2e1	0.2831631060712885	8.025686373712915	0.3331631060712884	0.0231836180540782	9.0	198552
Nr2e3	0.3288178851010341	1.449444510837686	0.3588178851010342	0.0127848248477606	6.0	198552
Nr2f6	0.2555391458210388	1.4598152182200592	0.2655391458210389	0.1499196098327514	13.0	198552
Nr5A2	0.3360988866400757	0.5277272057892802	0.3460988866400757	0.0288587671185087	9.0	198552
Nr5a2	0.2726042502676317	4.649649206399305	0.3026042502676317	0.0390811712257195	15.0	198552
Nrf1	0.1953203224894799	19.08444849253633	0.2553203224894799	0.0418878332106705	12.0	198552
Olig2	0.2729838178437536	6.338139759074229	0.3129838178437536	0.0520694883151005	6.0	198552
Pax2	0.3464144548025975	1.0374463284512463	0.3664144548025975	0.0024631915107509	7.0	198552
Pax4	0.206801453642909	20.23646078400941	0.2768014536429091	0.0467402262141352	30.0	198552
Pax5	0.2447947598585829	7.296932782377588	0.2847947598585829	0.1545055989937965	20.0	198552
Pax7	0.1809489929556574	27.48620382253923	0.2909489929556574	0.0205101931274359	10.0	198552
Pdx1	0.2828652661601376	15.378196838708066	0.4028652661601376	0.022188175739074	6.0	198552
Phox2b	0.1554772688951423	29.02393126100909	0.2754772688951423	0.0730370588500857	11.0	198552
Pitx1	0.3003353924886986	9.610565248868191	0.3703353924886987	0.0156382085905052	8.0	198552
Plagl1	0.2532240921479017	13.112901976004386	0.3232240921479017	0.0549908066636607	8.0	198552
Pou2f3	0.2547872200998561	14.28169855250274	0.3247872200998561	0.0247368149527923	16.0	198552
Pou5f1::Sox2	0.2650180829361916	9.41959178488277	0.3150180829361916	0.0067011790454676	15.0	198552
Ppara	0.3835795060184315	0.0653378869853061	0.3935795060184315	0.0502839001912306	7.0	198552
Pparg::Rxra	0.2530069871052756	3.694937279584724	0.2830069871052756	0.0367279629468896	13.0	198552
Prdm14	0.3552309079736278	0.0848226066658071	0.3652309079736278	0.0586140234467598	8.0	198552
Prdm15	0.2997468239053364	1.7737719853566838	0.3197468239053365	0.005790854366877	11.0	198552
Prdm4	0.3125451790831947	0.9717335816311062	0.3325451790831947	0.0983641183466443	11.0	198552
Prdm5	0.3191679502693696	0.5568087407639649	0.3291679502693696	0.0183780943796116	11.0	198552
Prrx2	0.2013214175124995	29.58103463145007	0.3713214175124995	0.0309430068961991	8.0	198552
Ptf1A	0.3366714393079092	2.2165006564207195	0.3666714393079092	0.0072095660493719	8.0	198552
Ptf1a	0.3249298985079405	1.7825157067473114	0.3449298985079405	0.0574926231214064	9.0	198552
Rarb	0.2371358824496437	2.359513802186249	0.2571358824496437	0.1024188150283873	17.0	198552
Rarg	0.2563100361897996	0.5904639894545405	0.2663100361897996	0.0039225041399969	15.0	198552
Rfx1	0.2338297265938479	7.017139869147214	0.2738297265938479	0.1478747671413669	14.0	198552
Rfx6	0.3179495117593868	0.6279570722350276	0.3279495117593868	0.0498528313767498	9.0	198552
Rhox11	0.3424913758326756	2.8089663142219887	0.3824913758326756	0.0599338508932833	9.0	198552
Runx1	0.3607051646329454	4.4232294319235095	0.4107051646329454	0.0205761114148502	9.0	198552
Rxra	0.250263353270325	1.7766778269620165	0.270263353270325	0.1476259457215062	14.0	198552
SOX10	0.4184895514217517	0.6853877446637918	0.4384895514217518	0.0028860771319346	6.0	198552
SP1	0.2358564138702722	13.705368538406336	0.3058564138702723	0.0006964854771776	9.0	198552
Shox2	0.1893436003001807	29.835597031292718	0.3993436003001807	0.0453681655979027	6.0	198552
Six3	0.2849192504050145	3.5174799231429867	0.3149192504050144	0.0040890648553947	11.0	198552
Six4	0.4024916914876267	0.0053047789478654	0.4024916914876267	0.0053047789478654	6.0	198552
Smad4	0.3693611758091809	0.1097339764879653	0.3793611758091809	0.0171031801352074	7.0	198552
Sox1	0.2573051174919511	3.7492827263440582	0.2773051174919511	0.1427664267016469	15.0	198552
Sox11	0.3504537267082565	1.730326223048382	0.3804537267082565	0.0127042832515688	8.0	198552
Sox17	0.3144966641578515	5.309904633212504	0.3644966641578515	0.0721952816558607	10.0	198552
Sox2	0.3676633123733656	0.0500332178764337	0.3676633123733656	0.0500332178764337	8.0	198552
Sox3	0.3379241807289659	6.243720098583165	0.3979241807289659	0.0077499127755788	7.0	198552
Sox5	0.3349279423381263	1.7535188033471951	0.3649279423381263	0.0601596780328574	8.0	198552
Sox6	0.3061257191917886	8.393815102645279	0.3561257191917886	0.0414574129601589	10.0	198552
Sox7	0.3061347247281894	6.911173575935616	0.3561347247281894	0.0200828693496394	10.0	198552
Spi1	0.2798332496522148	3.670878999487359	0.3098332496522148	0.0069126140369705	13.0	198552
Spz1	0.3115399331514259	1.6251557293833736	0.3315399331514259	0.004122818616186	11.0	198552
Srebf1	0.2591762298885255	3.4932098911047422	0.2891762298885255	0.0115675611272994	10.0	198552
Stat2	0.2957136005510241	4.584033651777522	0.3357136005510241	0.0039915530265597	10.0	198552
Stat3	0.2800233554750537	2.932607203277694	0.3100233554750536	0.060744959329554	10.0	198552
Stat4	0.2903198956944957	6.5619776416729625	0.3403198956944957	0.0335623028202422	10.0	198552
Stat5a	0.3116938036533902	2.25134695029507	0.3416938036533902	0.0483962329735033	9.0	198552
Stat5a::Stat5b	0.2968304829386343	5.092390904271904	0.3368304829386342	0.0011429502556673	9.0	198552
Stat5b	0.3076452140847061	2.094732397819385	0.337645214084706	0.064536615266313	9.0	198552
Stat6	0.2357567244603709	13.214993692086574	0.2957567244603709	0.0653157274755696	10.0	198552
Tbx6	0.3501389361018749	0.7535220509193071	0.370138936101875	0.0240629120414895	9.0	198552
Tbxt	0.3296831172122371	0.1462261272291177	0.3396831172122371	0.0784983046748631	11.0	198552
Tcf12	0.3112814530660777	2.580584211235583	0.3412814530660777	0.0163739630715881	6.0	198552
Tcf21	0.2854739932217121	2.6741955406928475	0.3054739932217121	0.1060686815816105	10.0	198552
Tcf3	0.2963769907855679	4.262748236603734	0.3263769907855679	0.0878300621110029	10.0	198552
Tcf7	0.2937366900549056	3.522503012779408	0.3237366900549056	0.0013087836627876	12.0	198552
Tcfl5	0.183625453265277	16.992567143470495	0.2536254532652771	0.0416227490597374	8.0	198552
Tfcp2l1	0.1932918661401197	16.676535854474228	0.2532918661401197	0.0012325933395304	14.0	198552
Thap11	0.2727542857994416	0.5974070038501051	0.2827542857994417	1.2038826011744573e-05	14.0	198552
Twist2	0.2797702784544284	4.467689729276574	0.3197702784544284	0.0015213340436542	6.0	198552
Vdr	0.3725309254366165	0.3606495903929119	0.3825309254366165	0.0175248280124188	7.0	198552
Wt1	0.2545013252756855	10.30439360042092	0.3145013252756855	0.0364363790341579	10.0	198552
Yy1	0.3631151453282127	1.242548360629897	0.3831151453282128	0.0208523881923394	8.0	198552
Zbtb2	0.2838670597679049	4.540487881321941	0.3138670597679048	0.0893732918392498	10.0	198552
Zfp335	0.3684888019180825	4.5788083420019605	0.4184888019180824	0.0120807074052482	7.0	198552
Zfp809	0.3251689700261184	1.6430181865343407	0.3451689700261184	0.0346215295774345	9.0	198552
Zfp961	0.2408406698231075	13.17838983609089	0.3108406698231075	0.0592885972567291	8.0	198552
Zfx	0.2764471558082724	7.69974328779443	0.3264471558082724	0.0017713370989882	10.0	198552
Zic1::Zic2	0.3035914991621743	6.693475837105369	0.3535914991621743	0.0360156382605015	7.0	198552
Zic2	0.3019931698402849	5.665985906272826	0.3419931698402849	0.0150268342263454	9.0	198552
Zic3	0.3187006421535031	4.771782179328449	0.358700642153503	0.042649725034417	7.0	198552
Znf281	0.2703305821105735	7.412662018719781	0.3203305821105734	0.0471571456512698	11.0	198552
